0.3074210040982803, 0.914143357150163
0.9104329657969521, 0.9238656343294663
0.7748878460698666, 0.723555518110048
0.3583299069189694, 0.866346609726895
0.7804081360567074, 0.08757982394956976
0.8704616911778643, 0.1902148689166281
0.7373290051739012, 0.11494063176372094
0.5290606761696994, 0.20296793733411433
0.7980440922342894, 0.7650880693105392
0.11741891426798345, 0.10660033505072963
0.4626619543546753, 0.2017007913733524
0.8024333691428778, 0.8438195295588876
0.05368170995016064, 0.3205949833954469
0.617845454397346, 0.6340992895060351
0.10495866403741383, 0.4991979302593842
0.18805768673142975, 0.7650445376373083
0.22729528881107774, 0.5921651924693732
0.49612711806949306, 0.467772543353969
0.3742963525492867, 0.154222403161147
0.4897025506129431, 0.8223738143859672
0.9456048568673351, 0.41673728456845793
0.9726646257881569, 0.6821420718310844
0.46250155116483627, 0.17448846450621913
0.07219723797102828, 0.762396962266223
0.5061672534310648, 0.3316403373530106
0.9994288714698814, 0.45731562860789055
0.13602304920519404, 0.6122843096587312
0.6087684874284132, 0.866525677764475
0.5047384388158329, 0.4471480682504646
0.6435747248350981, 0.033877902855961484
0.8316601384796019, 0.6671725488138983
0.8455490309175682, 0.008949063477816543
0.13676139788318775, 0.1786289216161051
0.8786240642375823, 0.21147823360210394
0.6119401056110502, 0.56272590187806
0.9525863154656625, 0.46320241292074993
0.9803528758325932, 0.708710673146095
0.9721982597088401, 0.024033915026708597
0.4759090465131647, 0.49289031487000956
0.17599247779032667, 0.778127726818843
0.28264065757976875, 0.33671354605664927
0.9840846493044768, 0.9659728640240669
0.42159540994937605, 0.27773354715867615
0.19027465768408125, 0.6784310725225358
0.3091766436013166, 0.6483319353464156
0.7939269686117788, 0.3646289497261075
0.7666472839467361, 0.9898446965448362
0.32557697739062985, 0.05930928729739504
0.38238938151288304, 0.6255449784885431
0.202454775616283, 0.07866021127239853
0.16844040292622509, 0.5307548379922921
0.3378938239878645, 0.2728872020626225
0.6965615845123586, 0.647883873675225
0.42820678617027386, 0.4166823698343056
0.3886339544830604, 0.819966692598275
0.5375705367458158, 0.042747807012238126
0.23848694820041272, 0.6188300826473833
0.798077100683662, 0.10128521750468311
0.9541468946032703, 0.21416756643633195
0.1603686305008113, 0.9443195346166522
0.35818432593132954, 0.7510483404818068
0.11200665341739002, 0.8894963772911447
0.8855317472056923, 0.41573957037012166
0.5939714542439808, 0.06614033963679411
0.5797328083972595, 0.142962034135512
0.427381029121206, 0.21775576490363846
0.46008025332255686, 0.7562715423831068
0.7367299722615228, 0.6696275988460663
0.7835479513094747, 0.23772352865504853
0.7538520493748946, 0.36226080247150283
0.0770982245572196, 0.4073359087744989
0.9362572588255429, 0.8166485985638897
0.06844050702805127, 0.5489276532318823
0.5917237039895816, 0.3016441296976642
0.5033869378209096, 0.4831394866787241
0.9369506275867159, 0.14590847831180842
0.7879079724390967, 0.9244979559491253
0.6972205826401825, 0.580251243991043
0.8146857062404198, 0.31676621109716263
0.8315616565366297, 0.8332625381166253
0.44359202405827647, 0.9037559803168986
0.5529568577136401, 0.7008045211413698
0.3269746405249566, 0.6991261167548336
0.5499576026163863, 0.3308562135399531
0.6945026192496652, 0.6948897774917834
0.05314566968679468, 0.25140457663376403
0.7100026363235098, 0.4597082943177173
0.036128037030727866, 0.46576341103029717
0.11523840818818265, 0.7664340673253409
0.26750794759115604, 0.13281320228138782
0.07863351878144931, 0.7230267881205121
0.8896926520241376, 0.8162535822943334
0.1898373867265587, 0.45243243979157743
0.8870346716911064, 0.24418555193791014
0.8280025059965562, 0.6940724242940994
0.07030553679240292, 0.4267340946945567
0.8338141246633465, 0.4211628447581428
0.7060916588687747, 0.24888995214694443
0.1507252489906865, 0.012054661826211066
0.18371424995513974, 0.11304078539076967
0.17631342155022944, 0.05665315911157742
0.18173048529313263, 0.7377129838811852
0.883039791576035, 0.8621681805897647
0.9528171526418466, 0.7851782046170042
0.22201572728765406, 0.19362342709848235
0.019287712973110382, 0.45728647974942405
0.794927470039417, 0.8264152773052291
0.37737542546587854, 0.8357135291151768
0.5134039442590966, 0.4778805081659423
0.8113239974797036, 0.09203042352570112
0.4408716233921678, 0.8177143358070431
0.5760609645906373, 0.6833696448355173
0.4717747578959832, 0.7440619415927812
0.7975139396308515, 0.27048953067648074
0.36842534936202886, 0.24233706686437861
0.23535500665580544, 0.8779870659930181
0.4132065037546163, 0.5815869604582605
0.740292116300737, 0.8726833827439563
0.3135280931551452, 0.09187699760899748
0.3743611561284198, 0.013743370955276224
0.4505253538956381, 0.6703910935278751
0.3206401749444523, 0.40181105528994976
0.21418228061159783, 0.11356242114351023
0.9012831157852697, 0.17247764757408157
0.5017746267765572, 0.14762905167898843
0.3976795289685394, 0.2311107735605583
0.8357604604107522, 0.726809673361205
0.4454394613048639, 0.23187739944950103
0.05377156586000431, 0.5162610552115995
0.8652069294297419, 0.17801353799798847
0.3550712932304094, 0.12978987544116483
0.7820317072191657, 0.9583984513227992
0.07169555959036256, 0.06357517103791788
0.8126024044801436, 0.928122696504474
0.5683977854463674, 0.8326504882131132
0.05464513316918185, 0.42125250907269984
0.18878022922373083, 0.9050480388894045
0.6932930976994985, 0.2429650654543558
0.48394701798459105, 0.8053885955553272
0.1819400924782295, 0.02479366498499469
0.05983226099419792, 0.8754037620591516
0.4527805662122655, 0.6071387129287393
0.4645535319178188, 0.720983488172287
0.8055200720712224, 0.15775973290371048
0.783284243371837, 0.762314171993633
0.8662453908563694, 0.9176940812212845
0.8401270809957885, 0.9105077260675493
0.3386454979480774, 0.2565845578076764
0.0366101217446646, 0.9860090679037143
0.0500940127400169, 0.3545940891187077
0.8926784901576562, 0.8726057046380853
0.03675195347792748, 0.2038212651276624
0.1379155009269416, 0.08816476019699815
0.5801016934529761, 0.4164927604938937
0.10306225342981745, 0.9604472864197562
0.7278886234961921, 0.7897435531362056
0.5383875812676389, 0.5410324260989026
0.6685658369391264, 0.9056164045659627
0.1904794637442706, 0.4232641725200387
0.9561966946637237, 0.5697628565948993
0.051305477442564085, 0.3395432384941611
0.2840114163865205, 0.792533435889737
0.3942303337646339, 0.11256516020887719
0.25092755872471617, 0.004055727312044177
0.9410084030732372, 0.24038158155856115
0.8631508189345887, 0.06583733413677761
0.11237805957995672, 0.9133562783248246
0.8402465980555084, 0.32884257815173323
0.1373404172117767, 0.3331445262246273
0.02279436495325038, 0.652204224732995
0.7928621228227782, 0.752648545812279
0.671764271921307, 0.5401803146138261
0.16226066629721958, 0.8103399488763698
0.8279968680978671, 0.5663404504168331
0.11032876790093471, 0.44199664376731385
0.28313341544495163, 0.379754681622382
0.4807232551515105, 0.33472516871031066
0.025470034807906994, 0.6936221068505595
0.9795144076455087, 0.6407388536050913
0.36327691833441034, 0.04019872269928049
0.396941899291655, 0.004539976961218328
0.5390888349203654, 0.8025764929852
0.16019093677619967, 0.9419667384563198
0.2535447635460475, 0.11649891583571204
0.48623733513886935, 0.2078083693614916
0.3571077112737243, 0.94559209228508
0.9342679223562005, 0.7661021679399734
0.299320750299243, 0.6049752729893594
0.08439290711096603, 0.8134071178035541
0.7608431493712754, 0.017819230335761493
0.04172775157245756, 0.44359553855304557
0.7927966350469877, 0.07903802280127825
0.7106099949358385, 0.4388563952028589
0.8283267083770557, 0.9639421387079211
0.7777713507171905, 0.44697561737642666
0.06152436589400301, 0.45781385523689155
0.9618452790355493, 0.8266672342663527
0.09146099575383493, 0.09359902575716739
0.058826423885716794, 0.593780356418899
0.009708580104048181, 0.5128379144304768
0.3728092977106525, 0.24409994976543226
0.4544247121709195, 0.8391713910918679
0.0358475593322507, 0.817977477578373
0.5435133547640852, 0.6732629684229156
0.22974845608586592, 0.2348870127374444
0.4663095753704114, 0.2188293001242746
0.0783915021457704, 0.13634418898558165
0.08425121060590957, 0.8560547197994752
0.2783968826047968, 0.6521471148083886
0.3095987306462594, 0.2654183500525171
0.3496614921941448, 0.692343154673176
0.01840887646396583, 0.549029981442489
0.010025159496144909, 0.04869027788637725
0.1285527904828624, 0.6163166004713286
0.1510801956111899, 0.05995202570173197
0.3719002150931767, 0.6119755439557619
0.7818633049766592, 0.15923243928574782
0.7974359425415191, 0.7623966336935382
0.12613413074604507, 0.51555519879204
0.4566780450106459, 0.9401965611596981
0.536024526734424, 0.0829558081249745
0.14115293321012468, 0.6604117208274276
0.8585104241173374, 0.8991784584763941
0.821947651676298, 0.3222883332830768
0.6137489212991614, 0.14466996630475193
0.3995714888556412, 0.7083199056049553
0.5610059100925548, 0.34708717815110335
0.7492393177659303, 0.6717531224466441
0.14901368779260848, 0.6751891767057792
0.1204298392834291, 0.3454665915109867
0.037465291126347666, 0.7692326851712034
0.41637931421769225, 0.6838382577760431
0.6908778578338917, 0.6314222393141272
0.24513539162509435, 0.4246007265999594
0.9137931537102016, 0.25709187914845233
0.1322383878715414, 0.5820508822069614
0.49884014364046736, 0.9791352220451186
0.38147270036150793, 0.9631991163195276
0.5173076335890895, 0.6801056859756415
0.13008262885281052, 0.9071204931221045
0.6576391142091659, 0.08602598871335809
0.01247546172647196, 0.13003828598017697
0.700745909810535, 0.15462531383363132
0.3628002181324378, 0.9131540745615416
0.007644555782942208, 0.9505223338000073
0.988089812430897, 0.5891251373224043
0.8566103697948847, 0.12319073181407258
0.36882971565926603, 0.1745530048523124
0.3807502241293492, 0.010610443196458763
0.8275756522549931, 0.05107786327462005
0.7603313556250805, 0.3958636854268205
0.9701654753325407, 0.13905157524817036
0.18605253612041428, 0.38463043381719664
0.39158693167900593, 0.04546154076624209
0.8303749377314674, 0.7172427435978638
0.06222774980490975, 0.6860296898675287
0.16483885548482868, 0.5017939476138543
0.7083295217697727, 0.9661145201225411
0.822567006590331, 0.44922522254119557
0.9294349404789786, 0.40996121902784766
0.8339960651207688, 0.0665932637769423
0.846807686928283, 0.7792683785303749
0.2779179093870411, 0.24280204444998132
0.9960849624427903, 0.9411838952394057
0.4821542913105469, 0.14318179194714398
0.6065996778785263, 0.651725894899903
0.5715390005367763, 0.5979849174135832
0.8888512744465348, 0.24457484296505472
0.7247881357050475, 0.22906039850005322
0.717729933362217, 0.7501444052520225
0.6945325932807644, 0.8232951863302059
0.8032693592732465, 0.2671619209519852
0.06725534535510191, 0.3628912064356642
0.051495227944586275, 0.4047601611621885
0.006748841189312738, 0.2821306220288017
0.3036359350636699, 0.663203959041395
0.3361169854924192, 0.12080062854469953
0.08707466228867877, 0.4669089467461136
0.5339299018594541, 0.9871804093299887
0.8052794322498004, 0.5994305886425813
0.4394164663521497, 0.5783118931808691
0.7304583141173713, 0.07359867515330643
0.5639136807103493, 0.7736045652934644
0.9589018733295462, 0.03595692335425349
0.8207180853100444, 0.6912885763123253
0.7595145988659849, 0.5272460841051093
0.629557334079704, 0.15860603482561153
0.8855452319060628, 0.33305672957656773
0.5533912368689928, 0.8023899521070956
0.08306121617284457, 0.5717677021151831
0.4274766634349546, 0.5629284594783056
0.15343826524303583, 0.3276707581847089
0.2437484074089198, 0.06179233916888649
0.6942667692541752, 0.3449290375584828
0.03532023881752633, 0.11910085699458162
0.921227102260019, 0.6495424861647912
0.6670805279978876, 0.5864146187582745
0.25953603925626545, 0.25202485100761285
0.40614368977181137, 0.9512130523284869
0.5830757352881619, 0.030115042192047636
0.4405550788449717, 0.48368304201628576
0.49701774796391274, 0.18865399818079598
0.39267084849960376, 0.29835733647166607
0.8836392222024791, 0.668290948135542
0.9539927874718727, 0.5097306710741156
0.968219797448608, 0.3545619494055773
0.6074234591784466, 0.13469274898981998
0.9566248004127293, 0.2267290267453157
0.9790497219779025, 0.4264730522815422
0.8089915297482052, 0.747251498724461
0.55979679039672, 0.49467339915695796
0.08509261725472961, 0.19654431791221227
0.6954972770352505, 0.22396174252935563
0.888709607593585, 0.5846378092380553
0.4546489979497218, 0.393509968733725
0.07538111555691318, 0.4279630372195449
0.4519795987644327, 0.03309749258939432
0.22202818411931313, 0.8812739803697458
0.17481248072848543, 0.877110493259834
0.8866813088886859, 0.2067476217574411
0.4514207806927121, 0.4047281408756007
0.22838146347577348, 0.4527007387014418
0.3126887976507827, 0.46722119334933143
0.8408120151913149, 0.9177749545494349
0.5656000895360669, 0.7458041880406547
0.526789195013563, 0.8220169753393941
0.8112980364404113, 0.09702028100870308
0.5105205398759115, 0.9016493271891776
0.4216091118674625, 0.05640233313205023
0.4735679284773303, 0.6603651970857556
0.7744911136904518, 0.8539999004287292
0.5873195229426537, 0.436427481307049
0.27926956310858286, 0.8493303792133594
0.38654163826062093, 0.16709806778287384
0.3417718296755746, 0.5215709541912374
0.4240338497499404, 0.8547977591210697
0.6032569082387694, 0.992372254920603
0.4634377361788744, 0.5577962050886226
0.19113452014932486, 0.8128602845873882
0.02277847536311961, 0.7580719498967607
0.39661469046097764, 0.8940273180763617
0.47689963338093777, 0.08054453160917585
0.0677637080825767, 0.13493404219602556
0.8709151886736389, 0.9161666345066147
0.38913488009651165, 0.6776911578157087
0.7872803446645689, 0.9573003875041081
0.10312894379087567, 0.9626695104827607
0.530059373210249, 0.020340355349802053
0.13926705837832565, 0.24488732847085248
0.8629085776180411, 0.6885740660371619
0.7551105435337072, 0.8100691315228161
0.9045229902296756, 0.9599608775050228
0.17093179415545778, 0.20805424500329295
0.3039907137257274, 0.9996568318355981
0.764350660662247, 0.9123321325466326
0.9841764856861668, 0.44243275575519814
0.6470158147405506, 0.43276413653985224
0.5774715636915873, 0.5339300675704696
0.9029945882293172, 0.5764232292216838
0.6059819287735472, 0.8488526382599137
0.23589508784252355, 0.6908081907764951
0.39465135296712517, 0.3994745144760832
0.8909518229663442, 0.9914299155237759
0.7785526659419375, 0.5150328361941434
0.4957630630380302, 0.0419407377375125
0.8863728492151727, 0.3312876899820997
0.23895015062366787, 0.46613964686266196
0.6385051440676421, 0.9760626522777416
0.3038696760504014, 0.11609302843838465
0.33516550170125503, 0.0978670857760946
0.09166932940654204, 0.23247739470743156
0.12355741387437924, 0.04014131289511935
0.11746206246928814, 0.735965631647558
0.3237273668722409, 0.8507621257337304
0.6646585011146227, 0.7559583147820694
0.48029595338811737, 0.5619140583219603
0.7872890884386152, 0.9055107329057498
0.8920445336133749, 0.853119759218537
0.9053697166869504, 0.053699241560051014
0.6528949362371806, 0.7011441174281313
0.733686117638205, 0.5595703468522923
0.8658113470866489, 0.9535409839388841
0.4392697382296852, 0.28556994260575286
0.9240006410106629, 0.09382944252903702
0.18475131909486997, 0.9341100999879972
0.9298665846932955, 0.8911096683158414
0.48002764000744236, 0.24931397351602191
0.24372272003417883, 0.24194527328663806
0.7414229870940193, 0.0600548647038075
0.3793487113636296, 0.7235633166014107
0.6087392238923839, 0.16397266944282807
0.28784822007641897, 0.33795931714683947
0.15131206204404568, 0.8497498843854914
0.8258187509257771, 0.544017397566969
0.7439729180132333, 0.6259151966842631
0.8363366593861353, 0.20184610538378878
0.3719316316751454, 0.7161851559232398
0.534901921213587, 0.9161262016756061
0.4637646642081795, 0.6996678033180616
0.08069466025023797, 0.0760476901684417
0.47958705678537084, 0.1729416821901948
0.1395197856668089, 0.05489802156317458
0.5927479165664772, 0.9131489580807695
0.8021310447144956, 0.3220131889948046
0.686441888410539, 0.40402763325122515
0.6009075700789325, 0.3032684118179073
0.7333819384180533, 0.20846023614865106
0.021274551143174447, 0.9681023094172317
0.40019346615108387, 0.9049666201237596
0.453433740773284, 0.18318524103689637
0.4728209781324719, 0.5466165798625311
0.435775737891833, 0.2155560852880668
0.004259988454829444, 0.24559739312208184
0.3336482916053939, 0.5904065055009557
0.17659535529506942, 0.5872436119865858
0.5198132770095308, 0.3538067938594247
0.3407934156999878, 0.6298154630868705
0.9867912380196949, 0.9339964997766776
0.5082752243963051, 0.7534261943698545
0.6132825983107322, 0.479601127864275
0.2215875967239056, 0.9574460457382479
0.8496744226102831, 0.4761901968995709
0.2167915933017307, 0.5782242135042285
0.23307761107108937, 0.6013844409029165
0.886710623277664, 0.9044405414570457
0.4381203502344787, 0.6105668978661439
0.9237758572304449, 0.397750568368771
0.7150128114626494, 0.33381304141571677
0.10939638536933172, 0.04760305743705906
0.5456836673535652, 0.8470354259888201
0.40421467628759855, 0.9968023425554322
0.9047298434544185, 0.7912227687238981
0.6047599852591451, 0.6813288802715276
0.2335563564992702, 0.8251721656600589
0.7836699449664755, 0.08398006338263286
0.2581765779639059, 0.8572661236617175
0.6019176686024913, 0.8564447098976498
0.8509511795490843, 0.038336174325063865
0.5802284951034441, 0.8969976474852085
0.11418119452088948, 0.8080095662928511
0.016489047953163083, 0.12045493765561921
0.23008316141467355, 0.649132602875448
0.09194977481691036, 0.8727325395928093
0.9587314051030752, 0.22449559402301733
0.07233098156479734, 0.3435567528970004
0.9667538637157186, 0.6283574170732024
0.40190632234456214, 0.528166480690994
0.7489389673627942, 0.07043011548494915
0.3560720110947717, 0.6054608684799254
0.8401913612412133, 0.7954551781112965
0.11125581261765971, 0.3118935901952443
0.30796188069056896, 0.9621117702907934
0.3853930401306944, 0.05925126653968793
0.3627281203945092, 0.5521849235788433
0.43314725407122945, 0.4280017921106153
0.7287528000812178, 0.10200525259060467
0.49218557628629345, 0.6426019872992699
0.12722388137408103, 0.9484607486240902
0.995745610282988, 0.4127479384704523
0.9823550589221469, 0.7917224809046842
0.06933151669828508, 0.184903704001677
0.4088022838291089, 0.9421299440163226
0.863025436371786, 0.4675397925580178
0.7685385838236319, 0.8870227967473299
0.4912832877135198, 0.645771596768455
0.19102243668420582, 0.2087908185745294
0.7100980669325834, 0.02102019163673019
0.8616103711052269, 0.09712512363033576
0.7191657807225478, 0.30147455159411374
0.7659994709276378, 0.35994290150582076
0.7330692450212509, 0.29581089275595807
0.5405263722467046, 0.3024440170503758
0.02815819390027885, 0.6561758896221302
0.3755690819042805, 0.6858711394813075
0.46028924382886005, 0.20884484626297817
0.06186225660337663, 0.8614757290520573
0.7782854489894256, 0.06631380098132844
0.4423588368447463, 0.56362312613098
0.3358605985074765, 0.16675772455271765
0.11639451540976642, 0.7310187313973471
0.21640146463496657, 0.9653350712125941
0.4940574801773099, 0.5291840779403248
0.8481822206496261, 0.44154879802369706
0.8075074155623494, 0.4628409152776227
0.18763389005944076, 0.12177527723519899
0.16795569773865082, 0.41526847759328334
0.7764941358885505, 0.9522929914612063
0.7102754991479733, 0.7145580602227107
0.4163059341883303, 0.02070268503922512
0.035623184008283126, 0.7693105215706029
0.8753856724688377, 0.2690521205677098
0.32591080023263597, 0.10245352663342122
0.46095434708546723, 0.7559718890582409
0.8756375485851384, 0.5412883163341401
0.9614975640073743, 0.20382587735586932
0.6618932711099972, 0.6959151833975505
0.8195787533803519, 0.9015713301875483
0.4163661716220599, 0.6449649463520223
0.8794013082406635, 0.5517016427410764
0.30835640689528576, 0.3228558697711543
0.8236733309052073, 0.844887670031703
0.9988270105221825, 0.5399990353638983
0.6262653210981788, 0.22970758166958116
0.8481973768778378, 0.1141801155419947
0.4478193109226367, 0.15039742881363505
0.6399597416658167, 0.5529421237187875
0.47165381261383466, 0.795157184095173
0.9520883442235833, 0.027031125385132082
0.8535271551195807, 0.7997320799290228
0.8785332932600235, 0.25864847423107884
0.16980153847805923, 0.791987981056307
0.8165575054428855, 0.3883643967328818
0.5823367485514289, 0.2278234844304804
0.12195898733075916, 0.4893014452693386
0.6981434370790103, 0.12192368560139888
0.07349442567208386, 0.13770229614929852
0.11128821867703709, 0.024416780022537
0.5655520705126963, 0.9617790518515688
0.9383065909165262, 0.54890173947133
0.6592297791985724, 0.6573090088384563
0.1008624934037381, 0.12495144250060308
0.19470871949814839, 0.13942591973023577
0.9866080799641554, 0.9772634902188722
0.5099022684005958, 0.09790121603407342
0.41354674996986707, 0.4989247233198627
0.5241078552029425, 0.42536084171555677
0.7602590559054689, 0.31449629329161866
0.7649952674450702, 0.43883582667541277
0.6411454138548135, 0.20937010292077407
0.11030490699877693, 0.41187149765134157
0.7065343753698632, 0.796161828310301
0.9884134262882192, 0.08777380314112915
0.8406862132077786, 0.12616296589660858
0.4471666969846243, 0.08869210370152902
0.9334597773760455, 0.7779173378462121
0.09195569244003976, 0.5242309020466375
0.8817031208617802, 0.724458934625556
0.6551811310679542, 0.10705092513393688
0.489820310630918, 0.7221800573095043
0.05466770435912782, 0.29360043790601864
0.8532091727241551, 0.22421873278323612
0.3466709392198628, 0.6680958763647531
0.21512053344889792, 0.8101324077999437
0.29041678923790626, 0.6003153064229417
0.46893516474397257, 0.5065357664041081
0.6561341504061006, 0.2965561105327603
0.39715845402314576, 0.10198149345799745
0.044564530882533315, 0.7083490257755949
0.4660996932372813, 0.6989098566949128
0.9250574870964937, 0.2776899837118588
0.9380326866833371, 0.5359225783565775
0.7147310515487385, 0.5882166975652763
0.9771151048847504, 0.8719364972674302
0.976668976941918, 0.5559516347612359
0.07336890494176806, 0.7153399623376446
0.15934710391879725, 0.6941390676506844
0.4554139667772076, 0.6163616899394043
0.9312177714021861, 0.4239992608053248
0.05609719821096848, 0.2976582921633838
0.008615050933068136, 0.5735605279460914
0.11696232152648256, 0.1252959580453723
0.10283255782925116, 0.791748186004689
0.22787477182780524, 0.6619667321933592
0.028618189229565494, 0.9695531559312645
0.39114497431627726, 0.10042577194237601
0.32208420413265826, 0.3429141207095614
0.29686905414557585, 0.3791109366315387
0.1204028191919706, 0.9390313379469918
0.4076171674444623, 0.14959626667159576
0.9557277037702255, 0.7970652363567569
0.1951881994889495, 0.045771471774443295
0.8790405971230276, 0.49779235476419303
0.2558471058957589, 0.30290710960370193
0.8461378426326601, 0.3286469544098498
0.6432181563854317, 0.3711644674366078
0.7731417670215215, 0.2737407894829995
0.542878962780455, 0.7160843516508921
0.6749595007271466, 0.044961330551935186
0.23383925880784373, 0.9031251708526487
0.2118929666926359, 0.6085239958928365
0.26777127794805267, 0.7945844047994856
0.1613026022205688, 0.19905696566930386
0.5935767112363362, 0.5673633012300047
0.5086319146941771, 0.8225037934959876
0.4011102864196904, 0.9044631374649869
0.3686597350148705, 0.8445608649212654
0.04297451306572164, 0.1263866382588571
0.5428776297349758, 0.3374487922088639
0.1163909304690387, 0.14036947511514486
0.11443242862790959, 0.5722678360236677
0.9332671787755429, 0.2450026500391579
0.30113473796970747, 0.0996629313903693
0.4173036976716912, 0.22526999974944817
0.573768956356877, 0.05152293759915916
0.39604188721515965, 0.07225519411744152
0.8086011252073495, 0.5372598204885166
0.14947176840095433, 0.43041334018627964
0.9774687153782098, 0.5439442295595095
0.4830237375145533, 0.335743456669246
0.00044846759786232315, 0.03142665024444058
0.09870309773995867, 0.006127259919534778
0.45537897094265456, 0.683780715192144
0.6366070722433326, 0.2404169466453958
0.9022701674553328, 0.9577560004796459
0.5774512320807818, 0.5351979369158735
0.3124764573673937, 0.1885214143637418
0.2147095259824141, 0.3697341197602104
0.06543094660160897, 0.13911199241772731
0.0769669004430038, 0.03107016265893814
0.02382702964078609, 0.845774214946513
0.0808749752192357, 0.6246623621733309
0.528089278098843, 0.41447408293125954
0.9070688011012417, 0.8616264109993651
0.7784929400658117, 0.7667671859557982
0.08196315430009171, 0.8568862089605723
0.30099177580811687, 0.5633814206086294
0.8845992287966699, 0.40657578832668917
0.46339074730784424, 0.7465720263504724
0.8076890301215337, 0.2888362406879392
0.7881904619064881, 0.07491213472323455
0.5438981429976903, 0.8626406820263461
0.48757747764323456, 0.8524377527674861
0.3716476841508374, 0.5906884523128958
0.805437351770826, 0.22207894944257245
0.015596713091591496, 0.07802979109637842
0.14364828605883473, 0.2882282918473098
0.4717272278361766, 0.9645272758999891
0.23577938548742716, 0.15783019725843483
0.08832926664267615, 0.9079264496363852
0.5288564016863055, 0.15230569349652678
0.01634499424199265, 0.1103611264862785
0.2595748074879759, 0.4049534838326081
0.3686266853082475, 0.20035149252612838
0.9099806097434545, 0.7096684991916656
0.022391664041888082, 0.28470304108210076
0.42501804510476004, 0.2767287756122381
0.2740360537945884, 0.7079441653558365
0.1879124419450695, 0.21450796894405855
0.3342345549526149, 0.9332955187577343
0.5259907807876578, 0.42535794965514406
0.5117675051064013, 0.09247437855919027
0.8301310868873015, 0.06900638176094698
0.7087400340149487, 0.9183570516941647
0.08161618305495333, 0.9841783996367619
0.26669868698989796, 0.31283943609659715
0.3629255387819481, 0.33914654915835807
0.9080397335672101, 0.3468313134099765
0.10580269173312595, 0.8240476721767672
0.029347299096315393, 0.8007009267749334
0.17872151671048908, 0.16574782193004
0.5398208548618357, 0.7737362448754772
0.1088217462078711, 0.9063532122014397
0.907909818597677, 0.0038955316870398216
0.7469500296606431, 0.3978551495564039
0.5876409551962469, 0.8016243223597561
0.34769727593682476, 0.33504618225188487
0.006027770123412601, 0.3885254229843761
0.9507252346431867, 0.8394355366973777
0.7956958730280905, 0.7039150259038074
0.8819194364974573, 0.5480570658287928
0.9463317819334819, 0.08968586664954703
0.36750949163816504, 0.7686039702199692
0.6071602709355135, 0.7940589701438134
0.736576241572125, 0.14283331030570023
0.9066658605654924, 0.7139735568233431
0.24441761490458058, 0.07093289476515285
0.9492875860087413, 0.5511438765889103
0.7633527804232818, 0.42733570202834703
0.604381334200042, 0.7797649197212033
0.49347860140113275, 0.768295507101107
0.13358413677433612, 0.2158518294639563
0.563062885654259, 0.7611070600602224
0.43228880721515295, 0.7521690684241941
0.04782755125987981, 0.9992896308762682
0.3152526684390553, 0.9510048730776272
0.6271698846774055, 0.5236126173697839
0.2642842813099837, 0.3776521894566235
0.5464168688874129, 0.048628213725629754
0.3072411004978609, 0.0071283808342890165
0.20812260223509105, 0.3535374928933752
0.5748539119870251, 0.8577592935693557
0.2870278015979433, 0.6053782255892245
0.02543698670330541, 0.14214448966329607
0.46971063844067606, 0.5051510602952227
0.3713090687927937, 0.007856386239811664
0.8202219755146826, 0.05722399430461933
0.5000531677888018, 0.5724529277400263
0.9449397538497868, 0.3193432154150183
0.8117334789065245, 0.8471261350320649
0.8672831663626822, 0.49156028064138446
0.3271620145309444, 0.4387456065438923
0.3766716069799856, 0.5728555525027053
0.10396212878190703, 0.4830104870254768
0.006370998492595592, 0.6610465294076309
0.24385794456229248, 0.06330989971203904
0.44694826236620333, 0.07871178030273773
0.1706112618718698, 0.11548444864034335
0.9627341654093508, 0.4386184025605122
0.8576401077043138, 0.8441044065701803
0.8549455814779786, 0.037932519280516885
0.04576503801521381, 0.672563065602028
0.09133508814260438, 0.13172092799397028
0.5627017773451047, 0.610903093809497
0.8258537367441634, 0.16426340109648152
0.5766727022549332, 0.321054977315139
0.5435962675286782, 0.35909165514770025
0.3146471979137718, 0.44295433080994173
0.6725993749603597, 0.40043564195353143
0.45572630223048016, 0.7089187771778857
0.23160780659778513, 0.9599127669209343
0.2524763091598162, 0.9273316941333606
0.6858305630569853, 0.6132266655498505
0.9569903842434898, 0.3773638251868858
0.010373703296182368, 0.10829326454529942
0.6839658836375452, 0.6624534598262195
0.5762744619326775, 0.7489690734928875
0.879562407195256, 0.31025075936516
0.010757542011944898, 0.8975666422074897
0.5646978592990958, 0.35742993656356925
0.3218037531338429, 0.08893844014520769
0.5562261061649494, 0.5508025366956901
0.95539010912157, 0.8307618783128186
0.4234091877795022, 0.10579739748661032
0.8771326582428376, 0.973843659818214
0.31156131553844635, 0.13524679235937886
0.4010432519478707, 0.3835524432616372
0.5962087257359332, 0.6547416187149462
0.4395715114496398, 0.6161320031247599
0.28114796727513736, 0.6190552617739613
0.02588014964391927, 0.1843510300584924
0.20460744265627218, 0.12903877005513342
0.7604347798885022, 0.4117456664230841
0.12645648176477065, 0.3392429765160683
0.2826566620572105, 0.8843020554120118
0.5266533103155266, 0.3113683322142947
0.2746952412985325, 0.21531491107813228
0.315423787577473, 0.04726336353338212
0.3341557247907553, 0.42279633308334486
0.9224541723147849, 0.16958502114955243
0.26950523318712094, 0.13554761710561325
0.8998668841768268, 0.42032526033330986
0.3947404543024875, 0.5827858819368162
0.09148157293531234, 0.5467519172890173
0.5710872297085957, 0.5860253250244154
0.06750619988569484, 0.2335474831198069
0.8113316215158193, 0.10542233389128641
0.8902518878231032, 0.8437045158706127
0.7734023733087819, 0.5360279733328402
0.8607066778765404, 0.34188301620740225
0.09519385529095203, 0.4153720048955707
0.38520404747156245, 0.19220401610749804
0.08426972783779785, 0.4315779372960685
0.4394715036578074, 0.038154806759882476
0.7432032942722832, 0.8045098987518716
0.9437888466871633, 0.2638235665228831
0.2770183435788639, 0.7928556244083244
0.5066350119519561, 0.9236327104991197
0.4173642538515988, 0.8205575707257928
0.33556059443352215, 0.6754088082341075
0.35259457619749135, 0.3364255840288074
0.4551679485216761, 0.24620730421029302
0.13947947771074465, 0.6889295590626772
0.9938032528937791, 0.44940613791507544
0.3727195712449247, 0.7413961322952621
0.8473915897500182, 0.07204335322291233
0.9611013150142083, 0.09584076330668523
0.3587870289412347, 0.5322439338526471
0.06297775243256087, 0.03487887385287014
0.947206309108715, 0.9712698039825776
0.6983337673846921, 0.7150861175563094
0.7935138600056277, 0.22250965145369317
0.14462037781679415, 0.7324279488068199
0.25263395035121805, 0.05532131746187663
0.15593503528351615, 0.995217552039197
0.18691405316213094, 0.2111019320884736
0.29560776698851376, 0.21479345157626928
0.4627951959479327, 0.289509251281165
0.19520469277983166, 0.860129714621602
0.45920419578529637, 0.9319623421484085
0.6901591993487202, 0.25237949714290675
0.08374166039181585, 0.748113323936242
0.4056716588990277, 0.06252902565722862
0.9440969251033, 0.3500115521041205
0.8546040524094218, 0.769122578733338
0.029474989510413163, 0.08845531347200697
0.5910740342179128, 0.9969152583452443
0.09876061736387143, 0.30840340483456785
0.827631045354173, 0.5956763727827618
0.43978547243454014, 0.09913093353867342
0.3118041290217113, 0.7273298860266467
0.21116284678013642, 0.7285657835667678
0.9970247261423416, 0.14707110534422652
0.47362039083535257, 0.9420538867231759
0.8053685457606657, 0.049999811412202
0.2859793373346815, 0.7333502956339635
0.3335498216947913, 0.7843496039925346
0.5284275654310647, 0.30456203293534034
0.2750482736290729, 0.8603333957489456
0.39643080109584117, 0.4972359664753564
0.437616415621654, 0.6374082786963439
0.09386798154812848, 0.47966525649110325
0.5151644768441558, 0.5831956330589652
0.012970904590114851, 0.8384715826932677
0.6340655863589034, 0.5647400194180768
0.03553926652627648, 0.7543244260793044
0.16227236187353944, 0.37003098401368395
0.8095093135155962, 0.2779782504746765
0.7562382298769753, 0.3007193352496563
0.24051047759173183, 0.9358127553161902
0.005132577339926447, 0.41356246675945196
0.8255349482622446, 0.2515768376530242
0.9249974844492396, 0.1399973261175841
0.282682025296354, 0.5776566576474459
0.9011279413345866, 0.41998953216170964
0.8730350970022528, 0.4497757429536803
0.479251790803369, 0.7047373847459022
0.9350406229271713, 0.9294650404649634
0.0373470302660297, 0.15755922678621326
0.420526075822388, 0.1286667216741244
0.6188856685815594, 0.07665519039439594
0.13041363398625017, 0.4841089853688546
0.04654265249143674, 0.19362253776089244
0.7437961546867045, 0.11687953629299364
0.20417711339011557, 0.20849134764519017
0.45553751399005615, 0.5479276564807535
0.48832589625423917, 0.9197491027831449
0.16713317516155002, 0.47372609905143326
0.3805121082788967, 0.4403242010613414
0.35864639091023887, 0.8792973368078595
0.4615708882900018, 0.7214854174922325
0.7686503806047899, 0.35759717477693076
0.013274075569175259, 0.9669594113705084
0.9525461227956343, 0.7665592713799478
0.7585263002134655, 0.2990872554055204
0.8472585553586345, 0.49213992730908596
0.05024040215275627, 0.7509714258825029
0.16022586541008232, 0.8113266833525475
0.531427002396313, 0.8440815494116948
0.06115841460567617, 0.6394709488833642
0.8926625225043738, 0.9792146884327924
0.6539185504292051, 0.4633668386131262
0.7236624783368608, 0.7332797067635474
0.3721651698965366, 0.20815243098561265
0.17377913338170203, 0.6376363725213025
0.0040733059598306864, 0.11807219313366968
0.5649005148354163, 0.3282866688304149
0.8003375879851894, 0.6811296753149703
0.7462146642603591, 0.6751930002127471
0.14364556654972704, 0.7552687011862139
0.9995342785692711, 0.8680768023065275
0.6491786454088503, 0.5970034847009777
0.9935213455637552, 0.3637333875510089
0.5498795206002401, 0.41946677742331606
0.8641288283308051, 0.6829244238918849
0.03728726764069057, 0.8306733886120992
0.8882221693987298, 0.7285348261530856
0.6918148178066102, 0.35704934407400346
0.8364152608719309, 0.49967091583244416
0.7117679624238723, 0.9910970418576089
0.869485565239878, 0.12457788918376744
0.00966109719106778, 0.8108427893515247
0.06668531317126192, 0.523790552014167
0.08387668658653968, 0.4187310009285846
0.9028638254215301, 0.6943486041289912
0.9163906064415548, 0.09907340859066804
0.18041703915578322, 0.3193311017571373
0.13155360007421746, 0.1865346556515154
0.06446570022894693, 0.06260311151638787
0.676143729132675, 0.6371915353683267
0.9158456580270223, 0.9079124803974019
0.5895969142380171, 0.354224564458985
0.5354757134585076, 0.35119999954866377
0.7206367735508502, 0.8014816713239815
0.5227647698318989, 0.8681050937838446
0.8271421756845686, 0.30386333571248136
0.9486863786495282, 0.40071227230437667
0.4268578045845811, 0.46054572992552556
0.20211133272270343, 0.8560419151556186
0.9139601841031914, 0.6849414290185442
0.9973790278055453, 0.20282372018084716
0.6239314514676286, 0.7035023708491444
0.04877559850547797, 0.6011168537241174
0.2543840668678701, 0.27430903278944185
0.7788292106962322, 0.1068198087299137
0.888579911664354, 0.9626213235905248
0.030904376972039405, 0.8235504893121873
0.5953191209776353, 0.7081699130745297
0.32736636752794934, 0.4889737416331492
0.4522250155338935, 0.02644175228012946
0.2193758484003795, 0.5489879734070827
0.3553293809454484, 0.24344604618451482
0.6945399970485961, 0.39700314386331303
0.7613558811257068, 0.34424571435470463
0.5618016570617693, 0.018554490037458793
0.5024659985300702, 0.8122324568994156
0.2632431805698049, 0.5245588285359357
0.39935805187138207, 0.7279670919610739
0.42152517338488815, 0.4401966912673422
0.390909397629029, 0.6276161804642985
0.38282389867911026, 0.2404126434436188
0.44929475366663085, 0.9097778898517733
0.11464534417778893, 0.24022068055810375
0.2931127573329715, 0.4187154257746679
0.17517159965881723, 0.29637702328658455
0.04906781126387072, 0.1708950728774421
0.6398514873728128, 0.7034549962933996
0.15152070740991197, 0.5601498943088821
0.09891958794453748, 0.5196877663334943
0.7128811976225206, 0.9349002817806412
0.4315404695305084, 0.32049410990007265
0.729290060135463, 0.42891557934087776
0.015991393571948564, 0.22771416734171768
0.6473252859709713, 0.3190569793968191
0.305162648786117, 0.9253184385633729
0.15892244868138306, 0.5657855252369189
0.1828303547763349, 0.9511219317812419
0.19277979224750852, 0.18887515748028672
0.2369930763915744, 0.48577159745363263
0.7471652566552754, 0.811959630231605
0.7303667193298062, 0.46618104028447693
0.08663000718382774, 0.499494926337401
0.8590810507839558, 0.731893660353094
0.716007744392119, 0.005842451505089996
0.7616999342892242, 0.567091613800903
0.11577930292025762, 0.04328722733953816
0.8768299492317688, 0.847431756700272
0.8099396039267438, 0.5743210366273274
0.43448939580946044, 0.8916879584939398
0.5897156307838962, 0.7699074303034177
0.5952754068900614, 0.8474249163674513
0.29588252515725155, 0.7024776832109547
0.3260658422208452, 0.3424691726999537
0.9191636060168277, 0.47588056059081985
0.02032477733595317, 0.558133862856982
0.11432716911680607, 0.8159194508207284
0.285263581024194, 0.5623388349884978
0.7279820392862097, 0.26221251378344124
0.18294645681484611, 0.35209998567421075
0.8684964070541288, 0.7914769923656766
0.8480062644369641, 0.8587706109892905
0.8444678105749772, 0.33997915370603937
0.14730090296793652, 0.3242281821380406
0.6465302723985757, 0.3028834099878964
0.8142100383185065, 0.5557506533376436
0.5236535166515389, 0.28858447427091605
0.8614018054957092, 0.6699507230737038
0.4905563095113912, 0.07791746077620543
0.3336913927816657, 0.9190415347320099
0.9980299307809977, 0.24987191078946336
0.04304013546322405, 0.39652523499481196
0.8539933090212707, 0.6999847068984063
0.40465855543775686, 0.7716064058684633
0.6727749251398005, 0.8010523499490204
0.7948197427010023, 0.5858883903814708
0.58533023600763, 0.4138600177291112
0.2875128620595466, 0.7855975575790909
0.7815637412856398, 0.06325868213938379
0.8657634026989253, 0.8329107657474334
0.11068717993869082, 0.13721628129438213
0.5777455171952566, 0.25306705467334045
0.948253049047206, 0.9081941575905211
0.3886746628753812, 0.32994944151451033
0.051135899150572706, 0.4750920112559759
0.9060734406084354, 0.05127046013816816
0.5580769129114214, 0.6743428729909645
0.973400062446578, 0.41197260339620967
0.9848444876656387, 0.1648532313874831
0.37003326272387016, 0.4591548613976413
0.685128161447758, 0.39863781821071986
0.12071058905937337, 0.48841704818992837
0.5656265975569328, 0.30773917156247776
0.15813048793855844, 0.24987140777306027
0.2811583310667588, 0.37903802918123974
0.9218558409589537, 0.310826312317514
0.40099111962340495, 0.9687293517454486
0.845883019077014, 0.8048648578334522
0.6115905016673029, 0.6446178579411134
0.08027593250450837, 0.4802394480534058
0.38716462072742874, 0.035870829886674116
0.4247550636269649, 0.004579414052754749
0.4660431343674841, 0.3176155056012313
0.8122846959804637, 0.9746751437608242
0.6759538715998337, 0.923079457646718
0.1811326848475331, 0.15888197924813485
0.36483298080497595, 0.7817304371404755
0.36573379615333257, 0.10365717851538192
0.2934918304997566, 0.06904132765668825
0.5098300327630021, 0.7433888564116782
0.8458409300782438, 0.18672776080013043
0.23875744226006468, 0.38017918422891017
0.8263511626803783, 0.5909561359154321
0.6096116581441361, 0.6192760269049081
0.39283187485475723, 0.36358218100241646
0.15433594854713728, 0.4934142163768215
0.9796313229103255, 0.9282172973630842
0.5179695521814968, 0.7817556579732267
0.6262554215726559, 0.14131583641773948
0.3737606885618119, 0.8928431050929608
0.06479595692276685, 0.6813321611366467
0.5676703332902338, 0.4851974961457468
